[?25l[0m [38;2;0;0;0m                [0m [38;2;28;27;28m  [38;2;148;63;15m🭋[7m[38;2;191;77;10m🭖[0m[38;2;52;35;27m                  [0m
 [38;2;0;0;0m         [0m [38;2;69;39;23m      [7m[38;2;170;70;13m▍[38;2;132;59;17m🭔[0m[38;2;28;28;30m [38;2;194;78;10m🭅[38;2;201;80;9;48;2;196;79;10m.[0m[7m[38;2;187;76;11m🭔[0m  [38;2;52;34;26m               [0m
 [38;2;0;0;0m         [38;2;140;61;17m🭢[7m[38;2;148;64;15m🭑[38;2;188;76;11m𜴸[0m[38;2;192;77;10m🭑[38;2;152;65;15m🬽 [7m[38;2;124;56;17m🭝[0m[38;2;120;55;18;48;2;200;80;9m🭗[0m[7m[38;2;185;75;11m🭦[0m[38;2;164;69;14m🭋[38;2;184;76;12;48;2;201;80;9m΄ [0m[7m[38;2;185;75;11m🭦[0m[38;2;194;78;10m🭋[38;2;197;79;10m▎ [0m [38;2;137;60;16m𜵑[0m [38;2;174;72;13m𜺠[38;2;179;73;12m🭆[38;2;193;77;10m🭂[0m [38;2;43;32;27m       [0m
 [38;2;0;0;0m       [0m [38;2;173;71;14m🭺[38;2;120;55;18m🬭[38;2;160;67;14m▂[38;2;136;61;17m⠈[7m[38;2;188;76;11m🬿[0m[38;2;34;29;29;48;2;201;80;9m [0m[38;2;195;78;10m🭍[7m[38;2;188;76;10m▘[0m[38;2;35;30;29;48;2;201;80;9m [38;2;105;50;19;48;2;198;79;10m▕[0m[7m[38;2;198;79;9m🭗[0m[38;2;69;40;25;48;2;201;80;9m  [38;2;89;44;20;48;2;197;79;9m🭢[0m[7m[38;2;193;78;10m΄[0m[38;2;149;64;15m𜷌[7m[38;2;194;78;10m𜴂[38;2;169;70;13m𜴃[38;2;193;77;10m𜴂[38;2;195;78;10m𜺨[0m[38;2;201;81;9;48;2;201;80;9m˙ [0m[7m[38;2;193;77;10m🭋[0m[38;2;32;28;29m        [0m
 [38;2;0;0;0m        [0m [38;2;189;77;11m▁[38;2;187;76;11m▂[38;2;189;76;11m𜶮[7m[38;2;176;73;12m🭣[38;2;191;78;11m𜴀[0m[38;2;199;84;15;48;2;200;81;10m▂[38;2;199;86;18m▂[38;2;126;57;19;48;2;198;82;13m,[38;2;233;182;126;48;2;198;85;17m▁[38;2;201;80;9;48;2;198;81;12m·[38;2;205;138;84;48;2;199;80;10m▁[38;2;172;71;12;48;2;199;83;14m⠠[38;2;177;83;28;48;2;199;82;12m🬽[38;2;199;86;18;48;2;199;83;14m.[38;2;199;84;14;48;2;199;82;11m.[38;2;199;83;13;48;2;201;81;10m▁[38;2;200;82;11;48;2;201;80;9m𜺣   [0m[38;2;198;79;9m🭟[38;2;133;60;18m🭗        [0m
 [38;2;0;0;0m  [38;2;111;51;19m╶[38;2;181;74;12m𜴧[7m[38;2;183;74;11m🬂[38;2;200;80;9m🬂[38;2;198;79;9m🮂▔[0m[38;2;157;66;14;48;2;201;80;9m΄[38;2;202;80;10m΄ [38;2;199;83;13;48;2;200;81;10m🬞[38;2;199;84;15;48;2;195;90;26m·[38;2;166;211;218;48;2;193;107;54m🭈[38;2;193;112;61;48;2;174;224;231m▀[38;2;183;117;75;48;2;175;230;239m🬂[38;2;190;127;84;48;2;165;215;222m🮂[38;2;93;118;122;48;2;206;185;148m𜷋[38;2;94;97;89;48;2;224;169;113m🬭[38;2;93;97;90;48;2;213;170;120m🬭[38;2;139;139;125;48;2;162;211;218m𜷂[38;2;144;177;182;48;2;187;213;207m▁[38;2;185;140;104;48;2;177;233;242m🬂[38;2;181;111;68;48;2;174;228;236m▀[38;2;197;100;40;48;2;159;184;184m🭕[38;2;200;98;37;48;2;200;84;15m🬼[38;2;200;82;12;48;2;200;81;9m▏[48;2;201;80;9m [0m[38;2;190;77;11m🭠[38;2;199;80;10m΄         [0m
 [38;2;0;0;0m    [38;2;143;62;16m🭢[38;2;187;76;11m𜴅[7m[38;2;194;78;10m🬭[38;2;200;80;9m▂[0m[38;2;163;68;14;48;2;200;80;9m⎽[48;2;201;80;9m [38;2;200;81;10m▕[38;2;199;84;16;48;2;200;82;11m🭤[38;2;100;118;119;48;2;163;85;38m🮈[38;2;173;228;238;48;2;94;119;123m▀[38;2;174;227;236;48;2;88;113;117m▀[38;2;160;204;211;48;2;99;111;107m🬂[38;2;212;187;148;48;2;100;112;108m𜶬[38;2;77;92;93;48;2;240;190;131m𜴂[38;2;99;95;83;48;2;252;197;134m΄[38;2;253;198;134;48;2;250;196;133m.[38;2;74;89;90;48;2;246;193;132m🭣[38;2;248;194;133;48;2;95;112;113m🭑[38;2;185;179;154;48;2;90;105;104m𜶮[38;2;153;195;202;48;2;76;94;96m🬂[38;2;167;218;226;48;2;82;101;104m𜺨[38;2;74;79;79;48;2;181;82;25m𜴫[38;2;91;73;63;48;2;198;80;11m🬼[0m[7m[38;2;178;73;12m𜴃[38;2;195;78;10m🬂[38;2;168;70;13m𜵳[38;2;153;65;15m𜶮[0m[38;2;163;68;13m━[0m [38;2;95;47;21m      [0m
  [38;2;133;58;17m▂[38;2;199;80;10m▂[38;2;188;76;11m🬭[7m[38;2;191;77;10m▀[38;2;199;79;9m🬂[38;2;196;78;10m▔[0m[38;2;177;72;13;48;2;201;80;9m΄[38;2;201;81;9m⠁  [38;2;151;62;10;48;2;191;77;10m⡀[38;2;58;76;81;48;2;102;83;67m.[38;2;64;79;80;48;2;239;189;130m▀[38;2;61;73;74;48;2;247;194;132m🭘[38;2;172;142;109;48;2;251;197;134m΄[38;2;185;168;152;48;2;246;208;165m⡠[38;2;238;188;131;48;2;243;227;209m⠂[38;2;58;58;58;48;2;245;236;226m▂[38;2;0;0;0;48;2;231;228;224m▂[48;2;230;226;221m▂[38;2;44;44;44;48;2;242;231;218m🬽[38;2;181;161;142;48;2;236;217;194m⠂[38;2;115;92;67;48;2;222;183;138m┒[38;2;89;92;85;48;2;253;198;134m🬂[38;2;169;140;106;48;2;177;76;17m▏[38;2;108;75;56;48;2;192;79;13m🭤[38;2;194;79;13;48;2;109;75;55m🭕[0m[7m[38;2;194;78;10m𜺫[38;2;197;79;9m🮂[38;2;201;80;9m🬂[38;2;184;75;11m🬂[0m[38;2;200;80;9m🬭[38;2;173;71;13m▂[0m [38;2;28;28;30m    [0m
 [38;2;0;0;0m [0m [7m[38;2;153;65;15m🭑[38;2;182;74;11m🬽[0m[38;2;160;67;14;48;2;200;80;9m⎺[48;2;201;80;9m      [38;2;122;51;11;48;2;193;77;10mʽ[38;2;239;187;129;48;2;146;83;43m🮈[48;2;253;198;134m  [38;2;72;61;50;48;2;235;185;127m𜴡[38;2;239;239;239;48;2;22;22;22m𜴂[38;2;190;190;190;48;2;7;3;2m🭗[38;2;70;15;1;48;2;0;0;0m▁[38;2;70;14;2m▁[38;2;76;16;1;48;2;1;0;0m▁[38;2;64;12;1;48;2;0;0;0m▂[38;2;218;218;218;48;2;15;8;6m⠈[38;2;23;20;17;48;2;209;165;114m𜴍[38;2;167;116;75;48;2;249;196;133m🭋[38;2;164;71;16;48;2;188;146;102m▀[38;2;201;80;9;48;2;197;81;13m·[38;2;100;73;58;48;2;200;80;10m🭤[38;2;117;74;49;48;2;192;79;14m🬿[0m[7m[38;2;192;77;10m𜺠[38;2;185;75;11m𜷋[0m[38;2;171;71;12m🬂[38;2;159;67;14m▔[0m [38;2;49;33;27m     [0m
 [38;2;0;0;0m    [38;2;148;64;15m🭢[38;2;175;72;12m🬂[38;2;196;78;10m▀[7m[38;2;199;80;9m🬭[38;2;195;78;10m▂[38;2;193;78;10m⡀[0m[38;2;214;162;110;48;2;197;79;10m🭮[38;2;180;105;58;48;2;237;187;129m▔[38;2;158;93;51;48;2;238;187;129m🭣[38;2;183;136;92;48;2;246;192;131m🬃[48;2;253;198;134m  [38;2;245;192;131;48;2;41;21;14m🭍[38;2;231;184;132;48;2;85;25;7m🬭[38;2;218;206;194;48;2;80;17;0m🬭[38;2;240;239;238m🬭[38;2;249;248;248;48;2;84;26;10m🬭[38;2;80;17;0;48;2;227;210;193m▀[38;2;84;31;15;48;2;237;188;133m𜴂[38;2;209;165;116;48;2;246;192;131m΄[38;2;205;160;111;48;2;231;182;127m🭄[38;2;199;155;108;48;2;148;64;14m🭠[0m[7m[38;2;155;64;10m𜴘[38;2;151;62;9m𜶜[0m[38;2;128;63;24m🬂[7m[38;2;122;62;28m🭂[0m[38;2;95;45;17m΄        [0m
 [38;2;0;0;0m       [7m[38;2;173;71;11m🭝[38;2;169;69;10m🭘[0m[38;2;198;79;9;48;2;162;66;6m𜴂[38;2;160;65;6;48;2;165;67;7m.[38;2;241;188;129;48;2;161;74;20m𜴅[38;2;155;63;6;48;2;232;181;124m▂[38;2;160;78;26;48;2;234;183;126m𜷋[38;2;153;69;19;48;2;217;171;120m🬿[38;2;199;156;110;48;2;245;192;131m🬭[38;2;198;156;111;48;2;251;197;133m🬽[38;2;221;173;120m_[38;2;253;198;134;48;2;252;198;134m.[38;2;215;179;140;48;2;253;198;134m▔[38;2;226;176;121;48;2;248;195;135m▁[38;2;202;159;112;48;2;250;195;133m🭈[38;2;231;182;125;48;2;218;170;118m·[38;2;215;169;119;48;2;153;65;11m🭗[0m[7m[38;2;157;68;13m🬭[38;2;160;65;6m🬭[38;2;158;64;6m🬭🬭[38;2;138;58;10m🬭[0m[38;2;120;52;13m𜴫[38;2;46;54;55mヘ[0m [38;2;28;28;30m      [0m
 [38;2;0;0;0m      [0m [7m[38;2;145;60;10m𜷌[0m[38;2;152;62;8m🬂[38;2;133;57;11m🮂[7m[38;2;156;63;7m🭛[38;2;156;63;6m🭈[0m[38;2;157;64;7m🬆[38;2;144;60;9m🬂[48;2;160;65;6m [0m[38;2;166;95;46m🭠[38;2;207;161;111;48;2;196;153;107m·[48;2;207;161;111m [38;2;212;165;114m⠈¯[38;2;207;161;112m⠁[38;2;207;161;111;48;2;234;183;126m🭝[0m[7m[38;2;237;186;128m🮇[0m[38;2;144;59;10m▔[38;2;115;51;14m🮂[0m [38;2;28;28;30m      [38;2;51;64;66m⠑[38;2;51;63;67m🮢     [0m
 [38;2;0;0;0m         [0m [38;2;143;59;9m𜺨  [38;2;109;50;16m▕[7m[38;2;111;50;15m🭄[0m [38;2;216;168;117m🭦[38;2;241;188;130;48;2;208;162;112m▁[38;2;217;170;118;48;2;207;161;111m▁[38;2;246;192;132;48;2;209;162;112m▁[38;2;248;194;132;48;2;207;161;111m🭆[38;2;218;171;118;48;2;253;198;134m🭗[0m[7m[38;2;251;197;134m🮇[0m[38;2;35;33;34m          [38;2;55;70;74m⠈[38;2;49;60;63m\[0m [38;2;28;28;30m   [0m
 [38;2;0;0;0m                [7m[38;2;215;171;121m🭝[0m[38;2;253;198;137;48;2;253;198;134m⠈[38;2;253;198;135m▔[38;2;253;199;135m⠁  [38;2;253;198;134;48;2;243;191;130m.[0m[38;2;247;194;132m🭑[38;2;197;156;111m🬽[0m [38;2;28;28;30m        [0m [38;2;63;81;85m╲[0m [38;2;28;28;30m  [0m
 [38;2;0;0;0m            [0m [38;2;179;143;102m🭈[38;2;237;186;127m🬭[7m[38;2;246;193;131m𜴂[38;2;249;195;133m΄[0m[38;2;37;35;34;48;2;253;198;134m        [0m[7m[38;2;245;192;131m🭢[38;2;247;193;132m🬂[0m[38;2;244;191;131m𜶻[38;2;201;159;113m𜺣      [0m [38;2;51;64;67mį  [0m
 [38;2;0;0;0m          [7m[38;2;241;241;241m𜴏[38;2;250;250;250m🮂[0m[38;2;247;237;227m🭂[38;2;249;196;134;48;2;247;244;242m▀[38;2;252;253;252;48;2;246;197;141m▂[38;2;242;242;242;48;2;248;197;138m▁[38;2;253;198;134;48;2;250;197;135m·[48;2;253;198;134m           [48;2;252;197;134m.[0m[38;2;247;194;132m🭏[38;2;167;134;98m🬼     [38;2;52;64;68m🭦[0m [38;2;28;28;30m [0m
 [38;2;0;0;0m        [7m[38;2;159;159;159m🭝[38;2;240;240;240m🭘[0m[38;2;40;40;42;48;2;254;254;254m   [38;2;210;210;210;48;2;248;248;248m⠐[38;2;226;226;226m╴[38;2;196;196;196;48;2;249;249;249m⡀[38;2;209;204;199;48;2;252;252;252m⠈[38;2;230;199;163;48;2;253;253;253m🭣[38;2;239;196;147m🬂[38;2;245;196;139;48;2;250;250;250m▀[38;2;246;244;242;48;2;249;196;135m🬭[38;2;239;232;225;48;2;250;196;134m🬽[38;2;231;199;163;48;2;249;197;137m,[48;2;253;198;134m     [38;2;230;183;130;48;2;252;197;134m_[38;2;219;211;203m▁[0m[7m[38;2;221;191;156m𜴡[0m[38;2;253;253;253m𜺣    [0m [38;2;50;62;65m▍ [0m
 [38;2;0;0;0m        [38;2;253;253;253m🭋[48;2;254;254;254m     [38;2;197;197;197;48;2;248;248;248m𜴃[38;2;196;196;196;48;2;239;239;239m⠄[38;2;225;225;225;48;2;249;249;249mヘ[38;2;222;222;222;48;2;250;250;250m,[48;2;254;254;254m   [38;2;254;254;254;48;2;253;253;253m.[38;2;225;188;147;48;2;251;251;251m▔[38;2;230;186;136;48;2;249;249;249m🮂[38;2;232;194;154;48;2;246;246;246m🮂[38;2;242;191;132;48;2;249;249;248m▔[38;2;211;183;154;48;2;249;249;249m▔[38;2;211;211;211m🬏[38;2;254;254;253;48;2;254;254;254m΄ [0m[7m[38;2;239;239;239m🮈[0m[38;2;32;32;34m     [38;2;57;72;76mÌ [0m
[?25h